2022/05/25-08:41:25.111454 11eac8600 RocksDB version: 6.12.7
2022/05/25-08:41:25.111484 11eac8600 Git sha rocksdb_build_git_sha:@0@
2022/05/25-08:41:25.111486 11eac8600 Compile date Jul 27 2021
2022/05/25-08:41:25.111498 11eac8600 DB SUMMARY
2022/05/25-08:41:25.111499 11eac8600 DB Session ID:  R0NCSZFO1CX0QIPRDORT
2022/05/25-08:41:25.111521 11eac8600 SST files in /Users/mofeng/git/guo-ic-study/part2/course2/multi_cycles/.dfx/state/replicated_state/node-100/ic_consensus_pool/certification dir, Total Num: 0, files: 
2022/05/25-08:41:25.111523 11eac8600 Write Ahead Log file in /Users/mofeng/git/guo-ic-study/part2/course2/multi_cycles/.dfx/state/replicated_state/node-100/ic_consensus_pool/certification: 
2022/05/25-08:41:25.111524 11eac8600                         Options.error_if_exists: 0
2022/05/25-08:41:25.111525 11eac8600                       Options.create_if_missing: 1
2022/05/25-08:41:25.111526 11eac8600                         Options.paranoid_checks: 1
2022/05/25-08:41:25.111526 11eac8600                                     Options.env: 0x110d4a3f8
2022/05/25-08:41:25.111527 11eac8600                                      Options.fs: Posix File System
2022/05/25-08:41:25.111528 11eac8600                                Options.info_log: 0x600002f01040
2022/05/25-08:41:25.111529 11eac8600                Options.max_file_opening_threads: 16
2022/05/25-08:41:25.111530 11eac8600                              Options.statistics: 0x0
2022/05/25-08:41:25.111531 11eac8600                               Options.use_fsync: 1
2022/05/25-08:41:25.111532 11eac8600                       Options.max_log_file_size: 0
2022/05/25-08:41:25.111532 11eac8600                  Options.max_manifest_file_size: 1073741824
2022/05/25-08:41:25.111533 11eac8600                   Options.log_file_time_to_roll: 0
2022/05/25-08:41:25.111534 11eac8600                       Options.keep_log_file_num: 1000
2022/05/25-08:41:25.111535 11eac8600                    Options.recycle_log_file_num: 0
2022/05/25-08:41:25.111536 11eac8600                         Options.allow_fallocate: 1
2022/05/25-08:41:25.111536 11eac8600                        Options.allow_mmap_reads: 0
2022/05/25-08:41:25.111537 11eac8600                       Options.allow_mmap_writes: 0
2022/05/25-08:41:25.111538 11eac8600                        Options.use_direct_reads: 0
2022/05/25-08:41:25.111539 11eac8600                        Options.use_direct_io_for_flush_and_compaction: 0
2022/05/25-08:41:25.111539 11eac8600          Options.create_missing_column_families: 1
2022/05/25-08:41:25.111540 11eac8600                              Options.db_log_dir: 
2022/05/25-08:41:25.111541 11eac8600                                 Options.wal_dir: /Users/mofeng/git/guo-ic-study/part2/course2/multi_cycles/.dfx/state/replicated_state/node-100/ic_consensus_pool/certification
2022/05/25-08:41:25.111542 11eac8600                Options.table_cache_numshardbits: 6
2022/05/25-08:41:25.111543 11eac8600                         Options.WAL_ttl_seconds: 0
2022/05/25-08:41:25.111543 11eac8600                       Options.WAL_size_limit_MB: 0
2022/05/25-08:41:25.111544 11eac8600                        Options.max_write_batch_group_size_bytes: 1048576
2022/05/25-08:41:25.111545 11eac8600             Options.manifest_preallocation_size: 4194304
2022/05/25-08:41:25.111546 11eac8600                     Options.is_fd_close_on_exec: 1
2022/05/25-08:41:25.111547 11eac8600                   Options.advise_random_on_open: 1
2022/05/25-08:41:25.111547 11eac8600                    Options.db_write_buffer_size: 0
2022/05/25-08:41:25.111548 11eac8600                    Options.write_buffer_manager: 0x600000209380
2022/05/25-08:41:25.111549 11eac8600         Options.access_hint_on_compaction_start: 1
2022/05/25-08:41:25.111550 11eac8600  Options.new_table_reader_for_compaction_inputs: 0
2022/05/25-08:41:25.111550 11eac8600           Options.random_access_max_buffer_size: 1048576
2022/05/25-08:41:25.111551 11eac8600                      Options.use_adaptive_mutex: 0
2022/05/25-08:41:25.111552 11eac8600                            Options.rate_limiter: 0x0
2022/05/25-08:41:25.111553 11eac8600     Options.sst_file_manager.rate_bytes_per_sec: 0
2022/05/25-08:41:25.111571 11eac8600                       Options.wal_recovery_mode: 2
2022/05/25-08:41:25.111572 11eac8600                  Options.enable_thread_tracking: 0
2022/05/25-08:41:25.111573 11eac8600                  Options.enable_pipelined_write: 0
2022/05/25-08:41:25.111574 11eac8600                  Options.unordered_write: 0
2022/05/25-08:41:25.111574 11eac8600         Options.allow_concurrent_memtable_write: 1
2022/05/25-08:41:25.111575 11eac8600      Options.enable_write_thread_adaptive_yield: 1
2022/05/25-08:41:25.111576 11eac8600             Options.write_thread_max_yield_usec: 100
2022/05/25-08:41:25.111577 11eac8600            Options.write_thread_slow_yield_usec: 3
2022/05/25-08:41:25.111578 11eac8600                               Options.row_cache: None
2022/05/25-08:41:25.111578 11eac8600                              Options.wal_filter: None
2022/05/25-08:41:25.111579 11eac8600             Options.avoid_flush_during_recovery: 0
2022/05/25-08:41:25.111580 11eac8600             Options.allow_ingest_behind: 0
2022/05/25-08:41:25.111581 11eac8600             Options.preserve_deletes: 0
2022/05/25-08:41:25.111581 11eac8600             Options.two_write_queues: 0
2022/05/25-08:41:25.111582 11eac8600             Options.manual_wal_flush: 0
2022/05/25-08:41:25.111583 11eac8600             Options.atomic_flush: 0
2022/05/25-08:41:25.111584 11eac8600             Options.avoid_unnecessary_blocking_io: 0
2022/05/25-08:41:25.111584 11eac8600                 Options.persist_stats_to_disk: 0
2022/05/25-08:41:25.111585 11eac8600                 Options.write_dbid_to_manifest: 0
2022/05/25-08:41:25.111586 11eac8600                 Options.log_readahead_size: 0
2022/05/25-08:41:25.111587 11eac8600                 Options.file_checksum_gen_factory: Unknown
2022/05/25-08:41:25.111588 11eac8600                 Options.best_efforts_recovery: 0
2022/05/25-08:41:25.111589 11eac8600                Options.max_bgerror_resume_count: 2147483647
2022/05/25-08:41:25.111589 11eac8600            Options.bgerror_resume_retry_interval: 1000000
2022/05/25-08:41:25.111590 11eac8600             Options.max_background_jobs: 2
2022/05/25-08:41:25.111591 11eac8600             Options.max_background_compactions: -1
2022/05/25-08:41:25.111592 11eac8600             Options.max_subcompactions: 1
2022/05/25-08:41:25.111593 11eac8600             Options.avoid_flush_during_shutdown: 0
2022/05/25-08:41:25.111593 11eac8600           Options.writable_file_max_buffer_size: 1048576
2022/05/25-08:41:25.111594 11eac8600             Options.delayed_write_rate : 16777216
2022/05/25-08:41:25.111595 11eac8600             Options.max_total_wal_size: 0
2022/05/25-08:41:25.111596 11eac8600             Options.delete_obsolete_files_period_micros: 21600000000
2022/05/25-08:41:25.111597 11eac8600                   Options.stats_dump_period_sec: 600
2022/05/25-08:41:25.111597 11eac8600                 Options.stats_persist_period_sec: 600
2022/05/25-08:41:25.111598 11eac8600                 Options.stats_history_buffer_size: 1048576
2022/05/25-08:41:25.111599 11eac8600                          Options.max_open_files: -1
2022/05/25-08:41:25.111600 11eac8600                          Options.bytes_per_sync: 0
2022/05/25-08:41:25.111601 11eac8600                      Options.wal_bytes_per_sync: 0
2022/05/25-08:41:25.111601 11eac8600                   Options.strict_bytes_per_sync: 0
2022/05/25-08:41:25.111602 11eac8600       Options.compaction_readahead_size: 0
2022/05/25-08:41:25.111603 11eac8600                  Options.max_background_flushes: -1
2022/05/25-08:41:25.111604 11eac8600 Compression algorithms supported:
2022/05/25-08:41:25.111605 11eac8600 	kZSTD supported: 1
2022/05/25-08:41:25.111605 11eac8600 	kZlibCompression supported: 1
2022/05/25-08:41:25.111606 11eac8600 	kXpressCompression supported: 0
2022/05/25-08:41:25.111607 11eac8600 	kSnappyCompression supported: 1
2022/05/25-08:41:25.111608 11eac8600 	kZSTDNotFinalCompression supported: 1
2022/05/25-08:41:25.111609 11eac8600 	kLZ4HCCompression supported: 1
2022/05/25-08:41:25.111621 11eac8600 	kLZ4Compression supported: 1
2022/05/25-08:41:25.111622 11eac8600 	kBZip2Compression supported: 1
2022/05/25-08:41:25.111624 11eac8600 Fast CRC32 supported: Supported on x86
2022/05/25-08:41:25.111973 11eac8600 [db/db_impl/db_impl_open.cc:271] Creating manifest 1 
2022/05/25-08:41:25.112618 11eac8600 [db/version_set.cc:4560] Recovering from manifest file: /Users/mofeng/git/guo-ic-study/part2/course2/multi_cycles/.dfx/state/replicated_state/node-100/ic_consensus_pool/certification/MANIFEST-000001
2022/05/25-08:41:25.112648 11eac8600 [db/column_family.cc:580] --------------- Options for column family [default]:
2022/05/25-08:41:25.112650 11eac8600               Options.comparator: leveldb.BytewiseComparator
2022/05/25-08:41:25.112651 11eac8600           Options.merge_operator: None
2022/05/25-08:41:25.112652 11eac8600        Options.compaction_filter: None
2022/05/25-08:41:25.112653 11eac8600        Options.compaction_filter_factory: None
2022/05/25-08:41:25.112654 11eac8600  Options.sst_partitioner_factory: None
2022/05/25-08:41:25.112655 11eac8600         Options.memtable_factory: SkipListFactory
2022/05/25-08:41:25.112656 11eac8600            Options.table_factory: BlockBasedTable
2022/05/25-08:41:25.112669 11eac8600            table_factory options:   flush_block_policy_factory: FlushBlockBySizePolicyFactory (0x600000e02610)
  cache_index_and_filter_blocks: 0
  cache_index_and_filter_blocks_with_high_priority: 1
  pin_l0_filter_and_index_blocks_in_cache: 0
  pin_top_level_index_and_filter: 1
  index_type: 0
  data_block_index_type: 0
  index_shortening: 1
  data_block_hash_table_util_ratio: 0.750000
  hash_index_allow_collision: 1
  checksum: 1
  no_block_cache: 0
  block_cache: 0x600003d001f8
  block_cache_name: LRUCache
  block_cache_options:
    capacity : 8388608
    num_shard_bits : 4
    strict_capacity_limit : 0
    memory_allocator : None
    high_pri_pool_ratio: 0.000
  block_cache_compressed: 0x0
  persistent_cache: 0x0
  block_size: 4096
  block_size_deviation: 10
  block_restart_interval: 16
  index_block_restart_interval: 1
  metadata_block_size: 4096
  partition_filters: 0
  use_delta_encoding: 1
  filter_policy: nullptr
  whole_key_filtering: 1
  verify_compression: 0
  read_amp_bytes_per_bit: 0
  format_version: 4
  enable_index_compression: 1
  block_align: 0
2022/05/25-08:41:25.112671 11eac8600        Options.write_buffer_size: 67108864
2022/05/25-08:41:25.112672 11eac8600  Options.max_write_buffer_number: 2
2022/05/25-08:41:25.112673 11eac8600          Options.compression: Snappy
2022/05/25-08:41:25.112674 11eac8600                  Options.bottommost_compression: Disabled
2022/05/25-08:41:25.112675 11eac8600       Options.prefix_extractor: nullptr
2022/05/25-08:41:25.112676 11eac8600   Options.memtable_insert_with_hint_prefix_extractor: nullptr
2022/05/25-08:41:25.112676 11eac8600             Options.num_levels: 7
2022/05/25-08:41:25.112677 11eac8600        Options.min_write_buffer_number_to_merge: 1
2022/05/25-08:41:25.112678 11eac8600     Options.max_write_buffer_number_to_maintain: 0
2022/05/25-08:41:25.112679 11eac8600     Options.max_write_buffer_size_to_maintain: 0
2022/05/25-08:41:25.112680 11eac8600            Options.bottommost_compression_opts.window_bits: -14
2022/05/25-08:41:25.112681 11eac8600                  Options.bottommost_compression_opts.level: 32767
2022/05/25-08:41:25.112681 11eac8600               Options.bottommost_compression_opts.strategy: 0
2022/05/25-08:41:25.112682 11eac8600         Options.bottommost_compression_opts.max_dict_bytes: 0
2022/05/25-08:41:25.112683 11eac8600         Options.bottommost_compression_opts.zstd_max_train_bytes: 0
2022/05/25-08:41:25.112684 11eac8600         Options.bottommost_compression_opts.parallel_threads: 1
2022/05/25-08:41:25.112685 11eac8600                  Options.bottommost_compression_opts.enabled: false
2022/05/25-08:41:25.112685 11eac8600            Options.compression_opts.window_bits: -14
2022/05/25-08:41:25.112686 11eac8600                  Options.compression_opts.level: 32767
2022/05/25-08:41:25.112707 11eac8600               Options.compression_opts.strategy: 0
2022/05/25-08:41:25.112708 11eac8600         Options.compression_opts.max_dict_bytes: 0
2022/05/25-08:41:25.112709 11eac8600         Options.compression_opts.zstd_max_train_bytes: 0
2022/05/25-08:41:25.112710 11eac8600         Options.compression_opts.parallel_threads: 1
2022/05/25-08:41:25.112710 11eac8600                  Options.compression_opts.enabled: false
2022/05/25-08:41:25.112711 11eac8600      Options.level0_file_num_compaction_trigger: 4
2022/05/25-08:41:25.112712 11eac8600          Options.level0_slowdown_writes_trigger: 20
2022/05/25-08:41:25.112713 11eac8600              Options.level0_stop_writes_trigger: 36
2022/05/25-08:41:25.112714 11eac8600                   Options.target_file_size_base: 67108864
2022/05/25-08:41:25.112714 11eac8600             Options.target_file_size_multiplier: 1
2022/05/25-08:41:25.112715 11eac8600                Options.max_bytes_for_level_base: 268435456
2022/05/25-08:41:25.112716 11eac8600 Options.level_compaction_dynamic_level_bytes: 0
2022/05/25-08:41:25.112717 11eac8600          Options.max_bytes_for_level_multiplier: 10.000000
2022/05/25-08:41:25.112718 11eac8600 Options.max_bytes_for_level_multiplier_addtl[0]: 1
2022/05/25-08:41:25.112719 11eac8600 Options.max_bytes_for_level_multiplier_addtl[1]: 1
2022/05/25-08:41:25.112720 11eac8600 Options.max_bytes_for_level_multiplier_addtl[2]: 1
2022/05/25-08:41:25.112721 11eac8600 Options.max_bytes_for_level_multiplier_addtl[3]: 1
2022/05/25-08:41:25.112721 11eac8600 Options.max_bytes_for_level_multiplier_addtl[4]: 1
2022/05/25-08:41:25.112722 11eac8600 Options.max_bytes_for_level_multiplier_addtl[5]: 1
2022/05/25-08:41:25.112723 11eac8600 Options.max_bytes_for_level_multiplier_addtl[6]: 1
2022/05/25-08:41:25.112724 11eac8600       Options.max_sequential_skip_in_iterations: 8
2022/05/25-08:41:25.112724 11eac8600                    Options.max_compaction_bytes: 1677721600
2022/05/25-08:41:25.112725 11eac8600                        Options.arena_block_size: 8388608
2022/05/25-08:41:25.112726 11eac8600   Options.soft_pending_compaction_bytes_limit: 68719476736
2022/05/25-08:41:25.112727 11eac8600   Options.hard_pending_compaction_bytes_limit: 274877906944
2022/05/25-08:41:25.112728 11eac8600       Options.rate_limit_delay_max_milliseconds: 100
2022/05/25-08:41:25.112729 11eac8600                Options.disable_auto_compactions: 0
2022/05/25-08:41:25.112730 11eac8600                        Options.compaction_style: kCompactionStyleLevel
2022/05/25-08:41:25.112730 11eac8600                          Options.compaction_pri: kMinOverlappingRatio
2022/05/25-08:41:25.112731 11eac8600 Options.compaction_options_universal.size_ratio: 1
2022/05/25-08:41:25.112732 11eac8600 Options.compaction_options_universal.min_merge_width: 2
2022/05/25-08:41:25.112733 11eac8600 Options.compaction_options_universal.max_merge_width: 4294967295
2022/05/25-08:41:25.112734 11eac8600 Options.compaction_options_universal.max_size_amplification_percent: 200
2022/05/25-08:41:25.112734 11eac8600 Options.compaction_options_universal.compression_size_percent: -1
2022/05/25-08:41:25.112736 11eac8600 Options.compaction_options_universal.stop_style: kCompactionStopStyleTotalSize
2022/05/25-08:41:25.112736 11eac8600 Options.compaction_options_fifo.max_table_files_size: 1073741824
2022/05/25-08:41:25.112737 11eac8600 Options.compaction_options_fifo.allow_compaction: 0
2022/05/25-08:41:25.112738 11eac8600                   Options.table_properties_collectors: 
2022/05/25-08:41:25.112739 11eac8600                   Options.inplace_update_support: 0
2022/05/25-08:41:25.112740 11eac8600                 Options.inplace_update_num_locks: 10000
2022/05/25-08:41:25.112741 11eac8600               Options.memtable_prefix_bloom_size_ratio: 0.000000
2022/05/25-08:41:25.112742 11eac8600               Options.memtable_whole_key_filtering: 0
2022/05/25-08:41:25.112742 11eac8600   Options.memtable_huge_page_size: 0
2022/05/25-08:41:25.112743 11eac8600                           Options.bloom_locality: 0
2022/05/25-08:41:25.112756 11eac8600                    Options.max_successive_merges: 0
2022/05/25-08:41:25.112757 11eac8600                Options.optimize_filters_for_hits: 0
2022/05/25-08:41:25.112758 11eac8600                Options.paranoid_file_checks: 0
2022/05/25-08:41:25.112759 11eac8600                Options.force_consistency_checks: 0
2022/05/25-08:41:25.112760 11eac8600                Options.report_bg_io_stats: 0
2022/05/25-08:41:25.112760 11eac8600                               Options.ttl: 2592000
2022/05/25-08:41:25.112761 11eac8600          Options.periodic_compaction_seconds: 0
2022/05/25-08:41:25.113028 11eac8600 [db/version_set.cc:4718] Recovered from manifest file:/Users/mofeng/git/guo-ic-study/part2/course2/multi_cycles/.dfx/state/replicated_state/node-100/ic_consensus_pool/certification/MANIFEST-000001 succeeded,manifest_file_number is 1, next_file_number is 3, last_sequence is 0, log_number is 0,prev_log_number is 0,max_column_family is 0,min_log_number_to_keep is 0
2022/05/25-08:41:25.113032 11eac8600 [db/version_set.cc:4727] Column family [default] (ID 0), log number is 0
2022/05/25-08:41:25.113179 11eac8600 [db/version_set.cc:3950] Creating manifest 4
2022/05/25-08:41:25.113869 11eac8600 [db/column_family.cc:580] --------------- Options for column family [CE]:
2022/05/25-08:41:25.113873 11eac8600               Options.comparator: leveldb.BytewiseComparator
2022/05/25-08:41:25.113874 11eac8600           Options.merge_operator: None
2022/05/25-08:41:25.113875 11eac8600        Options.compaction_filter: filter_outdated
2022/05/25-08:41:25.113876 11eac8600        Options.compaction_filter_factory: None
2022/05/25-08:41:25.113877 11eac8600  Options.sst_partitioner_factory: None
2022/05/25-08:41:25.113878 11eac8600         Options.memtable_factory: SkipListFactory
2022/05/25-08:41:25.113878 11eac8600            Options.table_factory: BlockBasedTable
2022/05/25-08:41:25.113893 11eac8600            table_factory options:   flush_block_policy_factory: FlushBlockBySizePolicyFactory (0x600000e02560)
  cache_index_and_filter_blocks: 0
  cache_index_and_filter_blocks_with_high_priority: 1
  pin_l0_filter_and_index_blocks_in_cache: 0
  pin_top_level_index_and_filter: 1
  index_type: 0
  data_block_index_type: 0
  index_shortening: 1
  data_block_hash_table_util_ratio: 0.750000
  hash_index_allow_collision: 1
  checksum: 1
  no_block_cache: 0
  block_cache: 0x600003d000b8
  block_cache_name: LRUCache
  block_cache_options:
    capacity : 8388608
    num_shard_bits : 4
    strict_capacity_limit : 0
    memory_allocator : None
    high_pri_pool_ratio: 0.000
  block_cache_compressed: 0x0
  persistent_cache: 0x0
  block_size: 4096
  block_size_deviation: 10
  block_restart_interval: 16
  index_block_restart_interval: 1
  metadata_block_size: 4096
  partition_filters: 0
  use_delta_encoding: 1
  filter_policy: nullptr
  whole_key_filtering: 1
  verify_compression: 0
  read_amp_bytes_per_bit: 0
  format_version: 4
  enable_index_compression: 1
  block_align: 0
2022/05/25-08:41:25.113896 11eac8600        Options.write_buffer_size: 67108864
2022/05/25-08:41:25.113897 11eac8600  Options.max_write_buffer_number: 2
2022/05/25-08:41:25.113898 11eac8600          Options.compression: NoCompression
2022/05/25-08:41:25.113899 11eac8600                  Options.bottommost_compression: Disabled
2022/05/25-08:41:25.113899 11eac8600       Options.prefix_extractor: nullptr
2022/05/25-08:41:25.113900 11eac8600   Options.memtable_insert_with_hint_prefix_extractor: nullptr
2022/05/25-08:41:25.113901 11eac8600             Options.num_levels: 7
2022/05/25-08:41:25.113902 11eac8600        Options.min_write_buffer_number_to_merge: 1
2022/05/25-08:41:25.113903 11eac8600     Options.max_write_buffer_number_to_maintain: 0
2022/05/25-08:41:25.113903 11eac8600     Options.max_write_buffer_size_to_maintain: 0
2022/05/25-08:41:25.113904 11eac8600            Options.bottommost_compression_opts.window_bits: -14
2022/05/25-08:41:25.113905 11eac8600                  Options.bottommost_compression_opts.level: 32767
2022/05/25-08:41:25.113906 11eac8600               Options.bottommost_compression_opts.strategy: 0
2022/05/25-08:41:25.113907 11eac8600         Options.bottommost_compression_opts.max_dict_bytes: 0
2022/05/25-08:41:25.113908 11eac8600         Options.bottommost_compression_opts.zstd_max_train_bytes: 0
2022/05/25-08:41:25.113909 11eac8600         Options.bottommost_compression_opts.parallel_threads: 1
2022/05/25-08:41:25.113909 11eac8600                  Options.bottommost_compression_opts.enabled: false
2022/05/25-08:41:25.113910 11eac8600            Options.compression_opts.window_bits: -14
2022/05/25-08:41:25.113911 11eac8600                  Options.compression_opts.level: 32767
2022/05/25-08:41:25.113912 11eac8600               Options.compression_opts.strategy: 0
2022/05/25-08:41:25.113913 11eac8600         Options.compression_opts.max_dict_bytes: 0
2022/05/25-08:41:25.113913 11eac8600         Options.compression_opts.zstd_max_train_bytes: 0
2022/05/25-08:41:25.113914 11eac8600         Options.compression_opts.parallel_threads: 1
2022/05/25-08:41:25.113915 11eac8600                  Options.compression_opts.enabled: false
2022/05/25-08:41:25.113916 11eac8600      Options.level0_file_num_compaction_trigger: 4
2022/05/25-08:41:25.113933 11eac8600          Options.level0_slowdown_writes_trigger: 20
2022/05/25-08:41:25.113935 11eac8600              Options.level0_stop_writes_trigger: 36
2022/05/25-08:41:25.113935 11eac8600                   Options.target_file_size_base: 67108864
2022/05/25-08:41:25.113936 11eac8600             Options.target_file_size_multiplier: 1
2022/05/25-08:41:25.113937 11eac8600                Options.max_bytes_for_level_base: 268435456
2022/05/25-08:41:25.113938 11eac8600 Options.level_compaction_dynamic_level_bytes: 0
2022/05/25-08:41:25.113939 11eac8600          Options.max_bytes_for_level_multiplier: 10.000000
2022/05/25-08:41:25.113940 11eac8600 Options.max_bytes_for_level_multiplier_addtl[0]: 1
2022/05/25-08:41:25.113941 11eac8600 Options.max_bytes_for_level_multiplier_addtl[1]: 1
2022/05/25-08:41:25.113942 11eac8600 Options.max_bytes_for_level_multiplier_addtl[2]: 1
2022/05/25-08:41:25.113942 11eac8600 Options.max_bytes_for_level_multiplier_addtl[3]: 1
2022/05/25-08:41:25.113943 11eac8600 Options.max_bytes_for_level_multiplier_addtl[4]: 1
2022/05/25-08:41:25.113944 11eac8600 Options.max_bytes_for_level_multiplier_addtl[5]: 1
2022/05/25-08:41:25.113945 11eac8600 Options.max_bytes_for_level_multiplier_addtl[6]: 1
2022/05/25-08:41:25.113945 11eac8600       Options.max_sequential_skip_in_iterations: 8
2022/05/25-08:41:25.113946 11eac8600                    Options.max_compaction_bytes: 1677721600
2022/05/25-08:41:25.113947 11eac8600                        Options.arena_block_size: 8388608
2022/05/25-08:41:25.113948 11eac8600   Options.soft_pending_compaction_bytes_limit: 68719476736
2022/05/25-08:41:25.113949 11eac8600   Options.hard_pending_compaction_bytes_limit: 274877906944
2022/05/25-08:41:25.113949 11eac8600       Options.rate_limit_delay_max_milliseconds: 100
2022/05/25-08:41:25.113950 11eac8600                Options.disable_auto_compactions: 1
2022/05/25-08:41:25.113951 11eac8600                        Options.compaction_style: kCompactionStyleLevel
2022/05/25-08:41:25.113952 11eac8600                          Options.compaction_pri: kMinOverlappingRatio
2022/05/25-08:41:25.113953 11eac8600 Options.compaction_options_universal.size_ratio: 1
2022/05/25-08:41:25.113954 11eac8600 Options.compaction_options_universal.min_merge_width: 2
2022/05/25-08:41:25.113954 11eac8600 Options.compaction_options_universal.max_merge_width: 4294967295
2022/05/25-08:41:25.113955 11eac8600 Options.compaction_options_universal.max_size_amplification_percent: 200
2022/05/25-08:41:25.113956 11eac8600 Options.compaction_options_universal.compression_size_percent: -1
2022/05/25-08:41:25.113957 11eac8600 Options.compaction_options_universal.stop_style: kCompactionStopStyleTotalSize
2022/05/25-08:41:25.113958 11eac8600 Options.compaction_options_fifo.max_table_files_size: 1073741824
2022/05/25-08:41:25.113959 11eac8600 Options.compaction_options_fifo.allow_compaction: 0
2022/05/25-08:41:25.113960 11eac8600                   Options.table_properties_collectors: 
2022/05/25-08:41:25.113961 11eac8600                   Options.inplace_update_support: 0
2022/05/25-08:41:25.113962 11eac8600                 Options.inplace_update_num_locks: 10000
2022/05/25-08:41:25.113962 11eac8600               Options.memtable_prefix_bloom_size_ratio: 0.000000
2022/05/25-08:41:25.113963 11eac8600               Options.memtable_whole_key_filtering: 0
2022/05/25-08:41:25.113964 11eac8600   Options.memtable_huge_page_size: 0
2022/05/25-08:41:25.113965 11eac8600                           Options.bloom_locality: 0
2022/05/25-08:41:25.113966 11eac8600                    Options.max_successive_merges: 0
2022/05/25-08:41:25.113966 11eac8600                Options.optimize_filters_for_hits: 0
2022/05/25-08:41:25.113967 11eac8600                Options.paranoid_file_checks: 0
2022/05/25-08:41:25.113968 11eac8600                Options.force_consistency_checks: 0
2022/05/25-08:41:25.113969 11eac8600                Options.report_bg_io_stats: 0
2022/05/25-08:41:25.113969 11eac8600                               Options.ttl: 2592000
2022/05/25-08:41:25.113970 11eac8600          Options.periodic_compaction_seconds: 2592000
2022/05/25-08:41:25.114022 11eac8600 [db/db_impl/db_impl.cc:2563] Created column family [CE] (ID 1)
2022/05/25-08:41:25.115042 11eac8600 [db/column_family.cc:580] --------------- Options for column family [CES]:
2022/05/25-08:41:25.115046 11eac8600               Options.comparator: leveldb.BytewiseComparator
2022/05/25-08:41:25.115047 11eac8600           Options.merge_operator: None
2022/05/25-08:41:25.115048 11eac8600        Options.compaction_filter: filter_outdated
2022/05/25-08:41:25.115049 11eac8600        Options.compaction_filter_factory: None
2022/05/25-08:41:25.115049 11eac8600  Options.sst_partitioner_factory: None
2022/05/25-08:41:25.115050 11eac8600         Options.memtable_factory: SkipListFactory
2022/05/25-08:41:25.115051 11eac8600            Options.table_factory: BlockBasedTable
2022/05/25-08:41:25.115068 11eac8600            table_factory options:   flush_block_policy_factory: FlushBlockBySizePolicyFactory (0x600000e025b0)
  cache_index_and_filter_blocks: 0
  cache_index_and_filter_blocks_with_high_priority: 1
  pin_l0_filter_and_index_blocks_in_cache: 0
  pin_top_level_index_and_filter: 1
  index_type: 0
  data_block_index_type: 0
  index_shortening: 1
  data_block_hash_table_util_ratio: 0.750000
  hash_index_allow_collision: 1
  checksum: 1
  no_block_cache: 0
  block_cache: 0x600003d00158
  block_cache_name: LRUCache
  block_cache_options:
    capacity : 8388608
    num_shard_bits : 4
    strict_capacity_limit : 0
    memory_allocator : None
    high_pri_pool_ratio: 0.000
  block_cache_compressed: 0x0
  persistent_cache: 0x0
  block_size: 4096
  block_size_deviation: 10
  block_restart_interval: 16
  index_block_restart_interval: 1
  metadata_block_size: 4096
  partition_filters: 0
  use_delta_encoding: 1
  filter_policy: nullptr
  whole_key_filtering: 1
  verify_compression: 0
  read_amp_bytes_per_bit: 0
  format_version: 4
  enable_index_compression: 1
  block_align: 0
2022/05/25-08:41:25.115070 11eac8600        Options.write_buffer_size: 67108864
2022/05/25-08:41:25.115071 11eac8600  Options.max_write_buffer_number: 2
2022/05/25-08:41:25.115072 11eac8600          Options.compression: NoCompression
2022/05/25-08:41:25.115073 11eac8600                  Options.bottommost_compression: Disabled
2022/05/25-08:41:25.115074 11eac8600       Options.prefix_extractor: nullptr
2022/05/25-08:41:25.115075 11eac8600   Options.memtable_insert_with_hint_prefix_extractor: nullptr
2022/05/25-08:41:25.115076 11eac8600             Options.num_levels: 7
2022/05/25-08:41:25.115076 11eac8600        Options.min_write_buffer_number_to_merge: 1
2022/05/25-08:41:25.115077 11eac8600     Options.max_write_buffer_number_to_maintain: 0
2022/05/25-08:41:25.115078 11eac8600     Options.max_write_buffer_size_to_maintain: 0
2022/05/25-08:41:25.115079 11eac8600            Options.bottommost_compression_opts.window_bits: -14
2022/05/25-08:41:25.115080 11eac8600                  Options.bottommost_compression_opts.level: 32767
2022/05/25-08:41:25.115080 11eac8600               Options.bottommost_compression_opts.strategy: 0
2022/05/25-08:41:25.115081 11eac8600         Options.bottommost_compression_opts.max_dict_bytes: 0
2022/05/25-08:41:25.115082 11eac8600         Options.bottommost_compression_opts.zstd_max_train_bytes: 0
2022/05/25-08:41:25.115083 11eac8600         Options.bottommost_compression_opts.parallel_threads: 1
2022/05/25-08:41:25.115084 11eac8600                  Options.bottommost_compression_opts.enabled: false
2022/05/25-08:41:25.115085 11eac8600            Options.compression_opts.window_bits: -14
2022/05/25-08:41:25.115085 11eac8600                  Options.compression_opts.level: 32767
2022/05/25-08:41:25.115086 11eac8600               Options.compression_opts.strategy: 0
2022/05/25-08:41:25.115087 11eac8600         Options.compression_opts.max_dict_bytes: 0
2022/05/25-08:41:25.115088 11eac8600         Options.compression_opts.zstd_max_train_bytes: 0
2022/05/25-08:41:25.115089 11eac8600         Options.compression_opts.parallel_threads: 1
2022/05/25-08:41:25.115089 11eac8600                  Options.compression_opts.enabled: false
2022/05/25-08:41:25.115090 11eac8600      Options.level0_file_num_compaction_trigger: 4
2022/05/25-08:41:25.115109 11eac8600          Options.level0_slowdown_writes_trigger: 20
2022/05/25-08:41:25.115110 11eac8600              Options.level0_stop_writes_trigger: 36
2022/05/25-08:41:25.115111 11eac8600                   Options.target_file_size_base: 67108864
2022/05/25-08:41:25.115112 11eac8600             Options.target_file_size_multiplier: 1
2022/05/25-08:41:25.115112 11eac8600                Options.max_bytes_for_level_base: 268435456
2022/05/25-08:41:25.115113 11eac8600 Options.level_compaction_dynamic_level_bytes: 0
2022/05/25-08:41:25.115114 11eac8600          Options.max_bytes_for_level_multiplier: 10.000000
2022/05/25-08:41:25.115115 11eac8600 Options.max_bytes_for_level_multiplier_addtl[0]: 1
2022/05/25-08:41:25.115116 11eac8600 Options.max_bytes_for_level_multiplier_addtl[1]: 1
2022/05/25-08:41:25.115117 11eac8600 Options.max_bytes_for_level_multiplier_addtl[2]: 1
2022/05/25-08:41:25.115118 11eac8600 Options.max_bytes_for_level_multiplier_addtl[3]: 1
2022/05/25-08:41:25.115118 11eac8600 Options.max_bytes_for_level_multiplier_addtl[4]: 1
2022/05/25-08:41:25.115119 11eac8600 Options.max_bytes_for_level_multiplier_addtl[5]: 1
2022/05/25-08:41:25.115120 11eac8600 Options.max_bytes_for_level_multiplier_addtl[6]: 1
2022/05/25-08:41:25.115121 11eac8600       Options.max_sequential_skip_in_iterations: 8
2022/05/25-08:41:25.115122 11eac8600                    Options.max_compaction_bytes: 1677721600
2022/05/25-08:41:25.115122 11eac8600                        Options.arena_block_size: 8388608
2022/05/25-08:41:25.115123 11eac8600   Options.soft_pending_compaction_bytes_limit: 68719476736
2022/05/25-08:41:25.115124 11eac8600   Options.hard_pending_compaction_bytes_limit: 274877906944
2022/05/25-08:41:25.115125 11eac8600       Options.rate_limit_delay_max_milliseconds: 100
2022/05/25-08:41:25.115126 11eac8600                Options.disable_auto_compactions: 1
2022/05/25-08:41:25.115127 11eac8600                        Options.compaction_style: kCompactionStyleLevel
2022/05/25-08:41:25.115128 11eac8600                          Options.compaction_pri: kMinOverlappingRatio
2022/05/25-08:41:25.115128 11eac8600 Options.compaction_options_universal.size_ratio: 1
2022/05/25-08:41:25.115129 11eac8600 Options.compaction_options_universal.min_merge_width: 2
2022/05/25-08:41:25.115130 11eac8600 Options.compaction_options_universal.max_merge_width: 4294967295
2022/05/25-08:41:25.115131 11eac8600 Options.compaction_options_universal.max_size_amplification_percent: 200
2022/05/25-08:41:25.115132 11eac8600 Options.compaction_options_universal.compression_size_percent: -1
2022/05/25-08:41:25.115133 11eac8600 Options.compaction_options_universal.stop_style: kCompactionStopStyleTotalSize
2022/05/25-08:41:25.115133 11eac8600 Options.compaction_options_fifo.max_table_files_size: 1073741824
2022/05/25-08:41:25.115134 11eac8600 Options.compaction_options_fifo.allow_compaction: 0
2022/05/25-08:41:25.115135 11eac8600                   Options.table_properties_collectors: 
2022/05/25-08:41:25.115136 11eac8600                   Options.inplace_update_support: 0
2022/05/25-08:41:25.115137 11eac8600                 Options.inplace_update_num_locks: 10000
2022/05/25-08:41:25.115138 11eac8600               Options.memtable_prefix_bloom_size_ratio: 0.000000
2022/05/25-08:41:25.115139 11eac8600               Options.memtable_whole_key_filtering: 0
2022/05/25-08:41:25.115139 11eac8600   Options.memtable_huge_page_size: 0
2022/05/25-08:41:25.115140 11eac8600                           Options.bloom_locality: 0
2022/05/25-08:41:25.115141 11eac8600                    Options.max_successive_merges: 0
2022/05/25-08:41:25.115142 11eac8600                Options.optimize_filters_for_hits: 0
2022/05/25-08:41:25.115142 11eac8600                Options.paranoid_file_checks: 0
2022/05/25-08:41:25.115143 11eac8600                Options.force_consistency_checks: 0
2022/05/25-08:41:25.115144 11eac8600                Options.report_bg_io_stats: 0
2022/05/25-08:41:25.115145 11eac8600                               Options.ttl: 2592000
2022/05/25-08:41:25.115145 11eac8600          Options.periodic_compaction_seconds: 2592000
2022/05/25-08:41:25.115197 11eac8600 [db/db_impl/db_impl.cc:2563] Created column family [CES] (ID 2)
2022/05/25-08:41:25.117230 11eac8600 [db/db_impl/db_impl_open.cc:1639] SstFileManager instance 0x7fb9b6e09970
2022/05/25-08:41:25.117263 11eac8600 DB pointer 0x7fb9b4033c00
2022/05/25-08:41:26.120668 700005e00000 [db/db_impl/db_impl.cc:899] ------- DUMPING STATS -------
2022/05/25-08:41:26.120676 700005e00000 [db/db_impl/db_impl.cc:900] 
** DB Stats **
Uptime(secs): 1.0 total, 1.0 interval
Cumulative writes: 2 writes, 2 keys, 2 commit groups, 0.7 writes per commit group, ingest: 0.00 GB, 0.00 MB/s
Cumulative WAL: 2 writes, 0 syncs, 2.00 writes per sync, written: 0.00 GB, 0.00 MB/s
Cumulative stall: 00:00:0.000 H:M:S, 0.0 percent
Interval writes: 2 writes, 2 keys, 2 commit groups, 0.7 writes per commit group, ingest: 0.00 MB, 0.00 MB/s
Interval WAL: 2 writes, 0 syncs, 2.00 writes per sync, written: 0.00 MB, 0.00 MB/s
Interval stall: 00:00:0.000 H:M:S, 0.0 percent

** Compaction Stats [default] **
Level    Files   Size     Score Read(GB)  Rn(GB) Rnp1(GB) Write(GB) Wnew(GB) Moved(GB) W-Amp Rd(MB/s) Wr(MB/s) Comp(sec) CompMergeCPU(sec) Comp(cnt) Avg(sec) KeyIn KeyDrop
----------------------------------------------------------------------------------------------------------------------------------------------------------------------------
 Sum      0/0    0.00 KB   0.0      0.0     0.0      0.0       0.0      0.0       0.0   0.0      0.0      0.0      0.00              0.00         0    0.000       0      0
 Int      0/0    0.00 KB   0.0      0.0     0.0      0.0       0.0      0.0       0.0   0.0      0.0      0.0      0.00              0.00         0    0.000       0      0

** Compaction Stats [default] **
Priority    Files   Size     Score Read(GB)  Rn(GB) Rnp1(GB) Write(GB) Wnew(GB) Moved(GB) W-Amp Rd(MB/s) Wr(MB/s) Comp(sec) CompMergeCPU(sec) Comp(cnt) Avg(sec) KeyIn KeyDrop
-------------------------------------------------------------------------------------------------------------------------------------------------------------------------------
Uptime(secs): 1.0 total, 1.0 interval
Flush(GB): cumulative 0.000, interval 0.000
AddFile(GB): cumulative 0.000, interval 0.000
AddFile(Total Files): cumulative 0, interval 0
AddFile(L0 Files): cumulative 0, interval 0
AddFile(Keys): cumulative 0, interval 0
Cumulative compaction: 0.00 GB write, 0.00 MB/s write, 0.00 GB read, 0.00 MB/s read, 0.0 seconds
Interval compaction: 0.00 GB write, 0.00 MB/s write, 0.00 GB read, 0.00 MB/s read, 0.0 seconds
Stalls(count): 0 level0_slowdown, 0 level0_slowdown_with_compaction, 0 level0_numfiles, 0 level0_numfiles_with_compaction, 0 stop for pending_compaction_bytes, 0 slowdown for pending_compaction_bytes, 0 memtable_compaction, 0 memtable_slowdown, interval 0 total count

** File Read Latency Histogram By Level [default] **

** Compaction Stats [CE] **
Level    Files   Size     Score Read(GB)  Rn(GB) Rnp1(GB) Write(GB) Wnew(GB) Moved(GB) W-Amp Rd(MB/s) Wr(MB/s) Comp(sec) CompMergeCPU(sec) Comp(cnt) Avg(sec) KeyIn KeyDrop
----------------------------------------------------------------------------------------------------------------------------------------------------------------------------
 Sum      0/0    0.00 KB   0.0      0.0     0.0      0.0       0.0      0.0       0.0   0.0      0.0      0.0      0.00              0.00         0    0.000       0      0
 Int      0/0    0.00 KB   0.0      0.0     0.0      0.0       0.0      0.0       0.0   0.0      0.0      0.0      0.00              0.00         0    0.000       0      0

** Compaction Stats [CE] **
Priority    Files   Size     Score Read(GB)  Rn(GB) Rnp1(GB) Write(GB) Wnew(GB) Moved(GB) W-Amp Rd(MB/s) Wr(MB/s) Comp(sec) CompMergeCPU(sec) Comp(cnt) Avg(sec) KeyIn KeyDrop
-------------------------------------------------------------------------------------------------------------------------------------------------------------------------------
Uptime(secs): 1.0 total, 1.0 interval
Flush(GB): cumulative 0.000, interval 0.000
AddFile(GB): cumulative 0.000, interval 0.000
AddFile(Total Files): cumulative 0, interval 0
AddFile(L0 Files): cumulative 0, interval 0
AddFile(Keys): cumulative 0, interval 0
Cumulative compaction: 0.00 GB write, 0.00 MB/s write, 0.00 GB read, 0.00 MB/s read, 0.0 seconds
Interval compaction: 0.00 GB write, 0.00 MB/s write, 0.00 GB read, 0.00 MB/s read, 0.0 seconds
Stalls(count): 0 level0_slowdown, 0 level0_slowdown_with_compaction, 0 level0_numfiles, 0 level0_numfiles_with_compaction, 0 stop for pending_compaction_bytes, 0 slowdown for pending_compaction_bytes, 0 memtable_compaction, 0 memtable_slowdown, interval 0 total count

** File Read Latency Histogram By Level [CE] **

** Compaction Stats [CES] **
Level    Files   Size     Score Read(GB)  Rn(GB) Rnp1(GB) Write(GB) Wnew(GB) Moved(GB) W-Amp Rd(MB/s) Wr(MB/s) Comp(sec) CompMergeCPU(sec) Comp(cnt) Avg(sec) KeyIn KeyDrop
----------------------------------------------------------------------------------------------------------------------------------------------------------------------------
 Sum      0/0    0.00 KB   0.0      0.0     0.0      0.0       0.0      0.0       0.0   0.0      0.0      0.0      0.00              0.00         0    0.000       0      0
 Int      0/0    0.00 KB   0.0      0.0     0.0      0.0       0.0      0.0       0.0   0.0      0.0      0.0      0.00              0.00         0    0.000       0      0

** Compaction Stats [CES] **
Priority    Files   Size     Score Read(GB)  Rn(GB) Rnp1(GB) Write(GB) Wnew(GB) Moved(GB) W-Amp Rd(MB/s) Wr(MB/s) Comp(sec) CompMergeCPU(sec) Comp(cnt) Avg(sec) KeyIn KeyDrop
