2022/05/25-08:41:25.081317 11eac8600 RocksDB version: 6.12.7
2022/05/25-08:41:25.081775 11eac8600 Git sha rocksdb_build_git_sha:@0@
2022/05/25-08:41:25.081779 11eac8600 Compile date Jul 27 2021
2022/05/25-08:41:25.081799 11eac8600 DB SUMMARY
2022/05/25-08:41:25.081802 11eac8600 DB Session ID:  NUPLR398PKI75GGXV8VP
2022/05/25-08:41:25.081845 11eac8600 SST files in /Users/mofeng/git/guo-ic-study/part2/course2/multi_cycles/.dfx/state/replicated_state/node-100/ic_consensus_pool/consensus dir, Total Num: 0, files: 
2022/05/25-08:41:25.081847 11eac8600 Write Ahead Log file in /Users/mofeng/git/guo-ic-study/part2/course2/multi_cycles/.dfx/state/replicated_state/node-100/ic_consensus_pool/consensus: 
2022/05/25-08:41:25.081848 11eac8600                         Options.error_if_exists: 0
2022/05/25-08:41:25.081850 11eac8600                       Options.create_if_missing: 1
2022/05/25-08:41:25.081851 11eac8600                         Options.paranoid_checks: 1
2022/05/25-08:41:25.081852 11eac8600                                     Options.env: 0x110d4a3f8
2022/05/25-08:41:25.081853 11eac8600                                      Options.fs: Posix File System
2022/05/25-08:41:25.081854 11eac8600                                Options.info_log: 0x600002f18000
2022/05/25-08:41:25.081855 11eac8600                Options.max_file_opening_threads: 16
2022/05/25-08:41:25.081856 11eac8600                              Options.statistics: 0x0
2022/05/25-08:41:25.081856 11eac8600                               Options.use_fsync: 1
2022/05/25-08:41:25.081857 11eac8600                       Options.max_log_file_size: 0
2022/05/25-08:41:25.081858 11eac8600                  Options.max_manifest_file_size: 1073741824
2022/05/25-08:41:25.081859 11eac8600                   Options.log_file_time_to_roll: 0
2022/05/25-08:41:25.081860 11eac8600                       Options.keep_log_file_num: 1000
2022/05/25-08:41:25.081860 11eac8600                    Options.recycle_log_file_num: 0
2022/05/25-08:41:25.081861 11eac8600                         Options.allow_fallocate: 1
2022/05/25-08:41:25.081862 11eac8600                        Options.allow_mmap_reads: 0
2022/05/25-08:41:25.081863 11eac8600                       Options.allow_mmap_writes: 0
2022/05/25-08:41:25.081864 11eac8600                        Options.use_direct_reads: 0
2022/05/25-08:41:25.081864 11eac8600                        Options.use_direct_io_for_flush_and_compaction: 0
2022/05/25-08:41:25.081865 11eac8600          Options.create_missing_column_families: 1
2022/05/25-08:41:25.081866 11eac8600                              Options.db_log_dir: 
2022/05/25-08:41:25.081867 11eac8600                                 Options.wal_dir: /Users/mofeng/git/guo-ic-study/part2/course2/multi_cycles/.dfx/state/replicated_state/node-100/ic_consensus_pool/consensus
2022/05/25-08:41:25.081868 11eac8600                Options.table_cache_numshardbits: 6
2022/05/25-08:41:25.081868 11eac8600                         Options.WAL_ttl_seconds: 0
2022/05/25-08:41:25.081869 11eac8600                       Options.WAL_size_limit_MB: 0
2022/05/25-08:41:25.081870 11eac8600                        Options.max_write_batch_group_size_bytes: 1048576
2022/05/25-08:41:25.081871 11eac8600             Options.manifest_preallocation_size: 4194304
2022/05/25-08:41:25.081872 11eac8600                     Options.is_fd_close_on_exec: 1
2022/05/25-08:41:25.081873 11eac8600                   Options.advise_random_on_open: 1
2022/05/25-08:41:25.081873 11eac8600                    Options.db_write_buffer_size: 0
2022/05/25-08:41:25.081874 11eac8600                    Options.write_buffer_manager: 0x60000021c600
2022/05/25-08:41:25.081875 11eac8600         Options.access_hint_on_compaction_start: 1
2022/05/25-08:41:25.081876 11eac8600  Options.new_table_reader_for_compaction_inputs: 0
2022/05/25-08:41:25.081876 11eac8600           Options.random_access_max_buffer_size: 1048576
2022/05/25-08:41:25.081877 11eac8600                      Options.use_adaptive_mutex: 0
2022/05/25-08:41:25.081878 11eac8600                            Options.rate_limiter: 0x0
2022/05/25-08:41:25.081880 11eac8600     Options.sst_file_manager.rate_bytes_per_sec: 0
2022/05/25-08:41:25.081900 11eac8600                       Options.wal_recovery_mode: 2
2022/05/25-08:41:25.081902 11eac8600                  Options.enable_thread_tracking: 0
2022/05/25-08:41:25.081902 11eac8600                  Options.enable_pipelined_write: 0
2022/05/25-08:41:25.081903 11eac8600                  Options.unordered_write: 0
2022/05/25-08:41:25.081904 11eac8600         Options.allow_concurrent_memtable_write: 1
2022/05/25-08:41:25.081905 11eac8600      Options.enable_write_thread_adaptive_yield: 1
2022/05/25-08:41:25.081905 11eac8600             Options.write_thread_max_yield_usec: 100
2022/05/25-08:41:25.081906 11eac8600            Options.write_thread_slow_yield_usec: 3
2022/05/25-08:41:25.081907 11eac8600                               Options.row_cache: None
2022/05/25-08:41:25.081908 11eac8600                              Options.wal_filter: None
2022/05/25-08:41:25.081910 11eac8600             Options.avoid_flush_during_recovery: 0
2022/05/25-08:41:25.081911 11eac8600             Options.allow_ingest_behind: 0
2022/05/25-08:41:25.081912 11eac8600             Options.preserve_deletes: 0
2022/05/25-08:41:25.081913 11eac8600             Options.two_write_queues: 0
2022/05/25-08:41:25.081913 11eac8600             Options.manual_wal_flush: 0
2022/05/25-08:41:25.081914 11eac8600             Options.atomic_flush: 0
2022/05/25-08:41:25.081915 11eac8600             Options.avoid_unnecessary_blocking_io: 0
2022/05/25-08:41:25.081916 11eac8600                 Options.persist_stats_to_disk: 0
2022/05/25-08:41:25.081916 11eac8600                 Options.write_dbid_to_manifest: 0
2022/05/25-08:41:25.081917 11eac8600                 Options.log_readahead_size: 0
2022/05/25-08:41:25.081918 11eac8600                 Options.file_checksum_gen_factory: Unknown
2022/05/25-08:41:25.081920 11eac8600                 Options.best_efforts_recovery: 0
2022/05/25-08:41:25.081921 11eac8600                Options.max_bgerror_resume_count: 2147483647
2022/05/25-08:41:25.081922 11eac8600            Options.bgerror_resume_retry_interval: 1000000
2022/05/25-08:41:25.081923 11eac8600             Options.max_background_jobs: 2
2022/05/25-08:41:25.081923 11eac8600             Options.max_background_compactions: -1
2022/05/25-08:41:25.081924 11eac8600             Options.max_subcompactions: 1
2022/05/25-08:41:25.081925 11eac8600             Options.avoid_flush_during_shutdown: 0
2022/05/25-08:41:25.081926 11eac8600           Options.writable_file_max_buffer_size: 1048576
2022/05/25-08:41:25.081927 11eac8600             Options.delayed_write_rate : 16777216
2022/05/25-08:41:25.081927 11eac8600             Options.max_total_wal_size: 0
2022/05/25-08:41:25.081928 11eac8600             Options.delete_obsolete_files_period_micros: 21600000000
2022/05/25-08:41:25.081929 11eac8600                   Options.stats_dump_period_sec: 600
2022/05/25-08:41:25.081930 11eac8600                 Options.stats_persist_period_sec: 600
2022/05/25-08:41:25.081931 11eac8600                 Options.stats_history_buffer_size: 1048576
2022/05/25-08:41:25.081932 11eac8600                          Options.max_open_files: -1
2022/05/25-08:41:25.081933 11eac8600                          Options.bytes_per_sync: 0
2022/05/25-08:41:25.081934 11eac8600                      Options.wal_bytes_per_sync: 0
2022/05/25-08:41:25.081935 11eac8600                   Options.strict_bytes_per_sync: 0
2022/05/25-08:41:25.081936 11eac8600       Options.compaction_readahead_size: 0
2022/05/25-08:41:25.081937 11eac8600                  Options.max_background_flushes: -1
2022/05/25-08:41:25.081937 11eac8600 Compression algorithms supported:
2022/05/25-08:41:25.081940 11eac8600 	kZSTD supported: 1
2022/05/25-08:41:25.081941 11eac8600 	kZlibCompression supported: 1
2022/05/25-08:41:25.081942 11eac8600 	kXpressCompression supported: 0
2022/05/25-08:41:25.081943 11eac8600 	kSnappyCompression supported: 1
2022/05/25-08:41:25.081944 11eac8600 	kZSTDNotFinalCompression supported: 1
2022/05/25-08:41:25.081945 11eac8600 	kLZ4HCCompression supported: 1
2022/05/25-08:41:25.081959 11eac8600 	kLZ4Compression supported: 1
2022/05/25-08:41:25.081960 11eac8600 	kBZip2Compression supported: 1
2022/05/25-08:41:25.081962 11eac8600 Fast CRC32 supported: Supported on x86
2022/05/25-08:41:25.082436 11eac8600 [db/db_impl/db_impl_open.cc:271] Creating manifest 1 
2022/05/25-08:41:25.083141 11eac8600 [db/version_set.cc:4560] Recovering from manifest file: /Users/mofeng/git/guo-ic-study/part2/course2/multi_cycles/.dfx/state/replicated_state/node-100/ic_consensus_pool/consensus/MANIFEST-000001
2022/05/25-08:41:25.083191 11eac8600 [db/column_family.cc:580] --------------- Options for column family [default]:
2022/05/25-08:41:25.083193 11eac8600               Options.comparator: leveldb.BytewiseComparator
2022/05/25-08:41:25.083194 11eac8600           Options.merge_operator: None
2022/05/25-08:41:25.083195 11eac8600        Options.compaction_filter: None
2022/05/25-08:41:25.083196 11eac8600        Options.compaction_filter_factory: None
2022/05/25-08:41:25.083197 11eac8600  Options.sst_partitioner_factory: None
2022/05/25-08:41:25.083198 11eac8600         Options.memtable_factory: SkipListFactory
2022/05/25-08:41:25.083199 11eac8600            Options.table_factory: BlockBasedTable
2022/05/25-08:41:25.083214 11eac8600            table_factory options:   flush_block_policy_factory: FlushBlockBySizePolicyFactory (0x600000e1ca30)
  cache_index_and_filter_blocks: 0
  cache_index_and_filter_blocks_with_high_priority: 1
  pin_l0_filter_and_index_blocks_in_cache: 0
  pin_top_level_index_and_filter: 1
  index_type: 0
  data_block_index_type: 0
  index_shortening: 1
  data_block_hash_table_util_ratio: 0.750000
  hash_index_allow_collision: 1
  checksum: 1
  no_block_cache: 0
  block_cache: 0x600003d19378
  block_cache_name: LRUCache
  block_cache_options:
    capacity : 8388608
    num_shard_bits : 4
    strict_capacity_limit : 0
    memory_allocator : None
    high_pri_pool_ratio: 0.000
  block_cache_compressed: 0x0
  persistent_cache: 0x0
  block_size: 4096
  block_size_deviation: 10
  block_restart_interval: 16
  index_block_restart_interval: 1
  metadata_block_size: 4096
  partition_filters: 0
  use_delta_encoding: 1
  filter_policy: nullptr
  whole_key_filtering: 1
  verify_compression: 0
  read_amp_bytes_per_bit: 0
  format_version: 4
  enable_index_compression: 1
  block_align: 0
2022/05/25-08:41:25.083217 11eac8600        Options.write_buffer_size: 67108864
2022/05/25-08:41:25.083218 11eac8600  Options.max_write_buffer_number: 2
2022/05/25-08:41:25.083219 11eac8600          Options.compression: Snappy
2022/05/25-08:41:25.083220 11eac8600                  Options.bottommost_compression: Disabled
2022/05/25-08:41:25.083220 11eac8600       Options.prefix_extractor: nullptr
2022/05/25-08:41:25.083221 11eac8600   Options.memtable_insert_with_hint_prefix_extractor: nullptr
2022/05/25-08:41:25.083222 11eac8600             Options.num_levels: 7
2022/05/25-08:41:25.083223 11eac8600        Options.min_write_buffer_number_to_merge: 1
2022/05/25-08:41:25.083224 11eac8600     Options.max_write_buffer_number_to_maintain: 0
2022/05/25-08:41:25.083224 11eac8600     Options.max_write_buffer_size_to_maintain: 0
2022/05/25-08:41:25.083225 11eac8600            Options.bottommost_compression_opts.window_bits: -14
2022/05/25-08:41:25.083226 11eac8600                  Options.bottommost_compression_opts.level: 32767
2022/05/25-08:41:25.083227 11eac8600               Options.bottommost_compression_opts.strategy: 0
2022/05/25-08:41:25.083228 11eac8600         Options.bottommost_compression_opts.max_dict_bytes: 0
2022/05/25-08:41:25.083229 11eac8600         Options.bottommost_compression_opts.zstd_max_train_bytes: 0
2022/05/25-08:41:25.083230 11eac8600         Options.bottommost_compression_opts.parallel_threads: 1
2022/05/25-08:41:25.083230 11eac8600                  Options.bottommost_compression_opts.enabled: false
2022/05/25-08:41:25.083231 11eac8600            Options.compression_opts.window_bits: -14
2022/05/25-08:41:25.083232 11eac8600                  Options.compression_opts.level: 32767
2022/05/25-08:41:25.083233 11eac8600               Options.compression_opts.strategy: 0
2022/05/25-08:41:25.083254 11eac8600         Options.compression_opts.max_dict_bytes: 0
2022/05/25-08:41:25.083255 11eac8600         Options.compression_opts.zstd_max_train_bytes: 0
2022/05/25-08:41:25.083256 11eac8600         Options.compression_opts.parallel_threads: 1
2022/05/25-08:41:25.083257 11eac8600                  Options.compression_opts.enabled: false
2022/05/25-08:41:25.083257 11eac8600      Options.level0_file_num_compaction_trigger: 4
2022/05/25-08:41:25.083258 11eac8600          Options.level0_slowdown_writes_trigger: 20
2022/05/25-08:41:25.083259 11eac8600              Options.level0_stop_writes_trigger: 36
2022/05/25-08:41:25.083260 11eac8600                   Options.target_file_size_base: 67108864
2022/05/25-08:41:25.083261 11eac8600             Options.target_file_size_multiplier: 1
2022/05/25-08:41:25.083261 11eac8600                Options.max_bytes_for_level_base: 268435456
2022/05/25-08:41:25.083262 11eac8600 Options.level_compaction_dynamic_level_bytes: 0
2022/05/25-08:41:25.083263 11eac8600          Options.max_bytes_for_level_multiplier: 10.000000
2022/05/25-08:41:25.083264 11eac8600 Options.max_bytes_for_level_multiplier_addtl[0]: 1
2022/05/25-08:41:25.083265 11eac8600 Options.max_bytes_for_level_multiplier_addtl[1]: 1
2022/05/25-08:41:25.083266 11eac8600 Options.max_bytes_for_level_multiplier_addtl[2]: 1
2022/05/25-08:41:25.083267 11eac8600 Options.max_bytes_for_level_multiplier_addtl[3]: 1
2022/05/25-08:41:25.083268 11eac8600 Options.max_bytes_for_level_multiplier_addtl[4]: 1
2022/05/25-08:41:25.083268 11eac8600 Options.max_bytes_for_level_multiplier_addtl[5]: 1
2022/05/25-08:41:25.083269 11eac8600 Options.max_bytes_for_level_multiplier_addtl[6]: 1
2022/05/25-08:41:25.083270 11eac8600       Options.max_sequential_skip_in_iterations: 8
2022/05/25-08:41:25.083271 11eac8600                    Options.max_compaction_bytes: 1677721600
2022/05/25-08:41:25.083272 11eac8600                        Options.arena_block_size: 8388608
2022/05/25-08:41:25.083272 11eac8600   Options.soft_pending_compaction_bytes_limit: 68719476736
2022/05/25-08:41:25.083273 11eac8600   Options.hard_pending_compaction_bytes_limit: 274877906944
2022/05/25-08:41:25.083274 11eac8600       Options.rate_limit_delay_max_milliseconds: 100
2022/05/25-08:41:25.083275 11eac8600                Options.disable_auto_compactions: 0
2022/05/25-08:41:25.083276 11eac8600                        Options.compaction_style: kCompactionStyleLevel
2022/05/25-08:41:25.083277 11eac8600                          Options.compaction_pri: kMinOverlappingRatio
2022/05/25-08:41:25.083278 11eac8600 Options.compaction_options_universal.size_ratio: 1
2022/05/25-08:41:25.083278 11eac8600 Options.compaction_options_universal.min_merge_width: 2
2022/05/25-08:41:25.083279 11eac8600 Options.compaction_options_universal.max_merge_width: 4294967295
2022/05/25-08:41:25.083280 11eac8600 Options.compaction_options_universal.max_size_amplification_percent: 200
2022/05/25-08:41:25.083281 11eac8600 Options.compaction_options_universal.compression_size_percent: -1
2022/05/25-08:41:25.083282 11eac8600 Options.compaction_options_universal.stop_style: kCompactionStopStyleTotalSize
2022/05/25-08:41:25.083283 11eac8600 Options.compaction_options_fifo.max_table_files_size: 1073741824
2022/05/25-08:41:25.083284 11eac8600 Options.compaction_options_fifo.allow_compaction: 0
2022/05/25-08:41:25.083285 11eac8600                   Options.table_properties_collectors: 
2022/05/25-08:41:25.083286 11eac8600                   Options.inplace_update_support: 0
2022/05/25-08:41:25.083287 11eac8600                 Options.inplace_update_num_locks: 10000
2022/05/25-08:41:25.083288 11eac8600               Options.memtable_prefix_bloom_size_ratio: 0.000000
2022/05/25-08:41:25.083288 11eac8600               Options.memtable_whole_key_filtering: 0
2022/05/25-08:41:25.083289 11eac8600   Options.memtable_huge_page_size: 0
2022/05/25-08:41:25.083290 11eac8600                           Options.bloom_locality: 0
2022/05/25-08:41:25.083291 11eac8600                    Options.max_successive_merges: 0
2022/05/25-08:41:25.083304 11eac8600                Options.optimize_filters_for_hits: 0
2022/05/25-08:41:25.083305 11eac8600                Options.paranoid_file_checks: 0
2022/05/25-08:41:25.083306 11eac8600                Options.force_consistency_checks: 0
2022/05/25-08:41:25.083307 11eac8600                Options.report_bg_io_stats: 0
2022/05/25-08:41:25.083307 11eac8600                               Options.ttl: 2592000
2022/05/25-08:41:25.083308 11eac8600          Options.periodic_compaction_seconds: 0
2022/05/25-08:41:25.083641 11eac8600 [db/version_set.cc:4718] Recovered from manifest file:/Users/mofeng/git/guo-ic-study/part2/course2/multi_cycles/.dfx/state/replicated_state/node-100/ic_consensus_pool/consensus/MANIFEST-000001 succeeded,manifest_file_number is 1, next_file_number is 3, last_sequence is 0, log_number is 0,prev_log_number is 0,max_column_family is 0,min_log_number_to_keep is 0
2022/05/25-08:41:25.083646 11eac8600 [db/version_set.cc:4727] Column family [default] (ID 0), log number is 0
2022/05/25-08:41:25.083832 11eac8600 [db/version_set.cc:3950] Creating manifest 4
2022/05/25-08:41:25.084418 11eac8600 [db/column_family.cc:580] --------------- Options for column family [RB]:
2022/05/25-08:41:25.084422 11eac8600               Options.comparator: leveldb.BytewiseComparator
2022/05/25-08:41:25.084423 11eac8600           Options.merge_operator: None
2022/05/25-08:41:25.084425 11eac8600        Options.compaction_filter: filter_outdated
2022/05/25-08:41:25.084425 11eac8600        Options.compaction_filter_factory: None
2022/05/25-08:41:25.084426 11eac8600  Options.sst_partitioner_factory: None
2022/05/25-08:41:25.084427 11eac8600         Options.memtable_factory: SkipListFactory
2022/05/25-08:41:25.084428 11eac8600            Options.table_factory: BlockBasedTable
2022/05/25-08:41:25.084444 11eac8600            table_factory options:   flush_block_policy_factory: FlushBlockBySizePolicyFactory (0x600000e1c660)
  cache_index_and_filter_blocks: 0
  cache_index_and_filter_blocks_with_high_priority: 1
  pin_l0_filter_and_index_blocks_in_cache: 0
  pin_top_level_index_and_filter: 1
  index_type: 0
  data_block_index_type: 0
  index_shortening: 1
  data_block_hash_table_util_ratio: 0.750000
  hash_index_allow_collision: 1
  checksum: 1
  no_block_cache: 0
  block_cache: 0x600003d18bf8
  block_cache_name: LRUCache
  block_cache_options:
    capacity : 8388608
    num_shard_bits : 4
    strict_capacity_limit : 0
    memory_allocator : None
    high_pri_pool_ratio: 0.000
  block_cache_compressed: 0x0
  persistent_cache: 0x0
  block_size: 4096
  block_size_deviation: 10
  block_restart_interval: 16
  index_block_restart_interval: 1
  metadata_block_size: 4096
  partition_filters: 0
  use_delta_encoding: 1
  filter_policy: nullptr
  whole_key_filtering: 1
  verify_compression: 0
  read_amp_bytes_per_bit: 0
  format_version: 4
  enable_index_compression: 1
  block_align: 0
2022/05/25-08:41:25.084450 11eac8600        Options.write_buffer_size: 67108864
2022/05/25-08:41:25.084451 11eac8600  Options.max_write_buffer_number: 2
2022/05/25-08:41:25.084452 11eac8600          Options.compression: NoCompression
2022/05/25-08:41:25.084453 11eac8600                  Options.bottommost_compression: Disabled
2022/05/25-08:41:25.084454 11eac8600       Options.prefix_extractor: nullptr
2022/05/25-08:41:25.084454 11eac8600   Options.memtable_insert_with_hint_prefix_extractor: nullptr
2022/05/25-08:41:25.084455 11eac8600             Options.num_levels: 7
2022/05/25-08:41:25.084456 11eac8600        Options.min_write_buffer_number_to_merge: 1
2022/05/25-08:41:25.084457 11eac8600     Options.max_write_buffer_number_to_maintain: 0
2022/05/25-08:41:25.084458 11eac8600     Options.max_write_buffer_size_to_maintain: 0
2022/05/25-08:41:25.084459 11eac8600            Options.bottommost_compression_opts.window_bits: -14
2022/05/25-08:41:25.084460 11eac8600                  Options.bottommost_compression_opts.level: 32767
2022/05/25-08:41:25.084460 11eac8600               Options.bottommost_compression_opts.strategy: 0
2022/05/25-08:41:25.084461 11eac8600         Options.bottommost_compression_opts.max_dict_bytes: 0
2022/05/25-08:41:25.084462 11eac8600         Options.bottommost_compression_opts.zstd_max_train_bytes: 0
2022/05/25-08:41:25.084463 11eac8600         Options.bottommost_compression_opts.parallel_threads: 1
2022/05/25-08:41:25.084464 11eac8600                  Options.bottommost_compression_opts.enabled: false
2022/05/25-08:41:25.084465 11eac8600            Options.compression_opts.window_bits: -14
2022/05/25-08:41:25.084465 11eac8600                  Options.compression_opts.level: 32767
2022/05/25-08:41:25.084466 11eac8600               Options.compression_opts.strategy: 0
2022/05/25-08:41:25.084467 11eac8600         Options.compression_opts.max_dict_bytes: 0
2022/05/25-08:41:25.084468 11eac8600         Options.compression_opts.zstd_max_train_bytes: 0
2022/05/25-08:41:25.084468 11eac8600         Options.compression_opts.parallel_threads: 1
2022/05/25-08:41:25.084469 11eac8600                  Options.compression_opts.enabled: false
2022/05/25-08:41:25.084470 11eac8600      Options.level0_file_num_compaction_trigger: 4
2022/05/25-08:41:25.084487 11eac8600          Options.level0_slowdown_writes_trigger: 20
2022/05/25-08:41:25.084488 11eac8600              Options.level0_stop_writes_trigger: 36
2022/05/25-08:41:25.084489 11eac8600                   Options.target_file_size_base: 67108864
2022/05/25-08:41:25.084490 11eac8600             Options.target_file_size_multiplier: 1
2022/05/25-08:41:25.084491 11eac8600                Options.max_bytes_for_level_base: 268435456
2022/05/25-08:41:25.084492 11eac8600 Options.level_compaction_dynamic_level_bytes: 0
2022/05/25-08:41:25.084493 11eac8600          Options.max_bytes_for_level_multiplier: 10.000000
2022/05/25-08:41:25.084494 11eac8600 Options.max_bytes_for_level_multiplier_addtl[0]: 1
2022/05/25-08:41:25.084495 11eac8600 Options.max_bytes_for_level_multiplier_addtl[1]: 1
2022/05/25-08:41:25.084495 11eac8600 Options.max_bytes_for_level_multiplier_addtl[2]: 1
2022/05/25-08:41:25.084496 11eac8600 Options.max_bytes_for_level_multiplier_addtl[3]: 1
2022/05/25-08:41:25.084497 11eac8600 Options.max_bytes_for_level_multiplier_addtl[4]: 1
2022/05/25-08:41:25.084498 11eac8600 Options.max_bytes_for_level_multiplier_addtl[5]: 1
2022/05/25-08:41:25.084499 11eac8600 Options.max_bytes_for_level_multiplier_addtl[6]: 1
2022/05/25-08:41:25.084499 11eac8600       Options.max_sequential_skip_in_iterations: 8
2022/05/25-08:41:25.084500 11eac8600                    Options.max_compaction_bytes: 1677721600
2022/05/25-08:41:25.084501 11eac8600                        Options.arena_block_size: 8388608
2022/05/25-08:41:25.084502 11eac8600   Options.soft_pending_compaction_bytes_limit: 68719476736
2022/05/25-08:41:25.084503 11eac8600   Options.hard_pending_compaction_bytes_limit: 274877906944
2022/05/25-08:41:25.084504 11eac8600       Options.rate_limit_delay_max_milliseconds: 100
2022/05/25-08:41:25.084504 11eac8600                Options.disable_auto_compactions: 1
2022/05/25-08:41:25.084505 11eac8600                        Options.compaction_style: kCompactionStyleLevel
2022/05/25-08:41:25.084506 11eac8600                          Options.compaction_pri: kMinOverlappingRatio
2022/05/25-08:41:25.084507 11eac8600 Options.compaction_options_universal.size_ratio: 1
2022/05/25-08:41:25.084508 11eac8600 Options.compaction_options_universal.min_merge_width: 2
2022/05/25-08:41:25.084509 11eac8600 Options.compaction_options_universal.max_merge_width: 4294967295
2022/05/25-08:41:25.084510 11eac8600 Options.compaction_options_universal.max_size_amplification_percent: 200
2022/05/25-08:41:25.084510 11eac8600 Options.compaction_options_universal.compression_size_percent: -1
2022/05/25-08:41:25.084512 11eac8600 Options.compaction_options_universal.stop_style: kCompactionStopStyleTotalSize
2022/05/25-08:41:25.084513 11eac8600 Options.compaction_options_fifo.max_table_files_size: 1073741824
2022/05/25-08:41:25.084513 11eac8600 Options.compaction_options_fifo.allow_compaction: 0
2022/05/25-08:41:25.084515 11eac8600                   Options.table_properties_collectors: 
2022/05/25-08:41:25.084515 11eac8600                   Options.inplace_update_support: 0
2022/05/25-08:41:25.084516 11eac8600                 Options.inplace_update_num_locks: 10000
2022/05/25-08:41:25.084517 11eac8600               Options.memtable_prefix_bloom_size_ratio: 0.000000
2022/05/25-08:41:25.084518 11eac8600               Options.memtable_whole_key_filtering: 0
2022/05/25-08:41:25.084519 11eac8600   Options.memtable_huge_page_size: 0
2022/05/25-08:41:25.084520 11eac8600                           Options.bloom_locality: 0
2022/05/25-08:41:25.084520 11eac8600                    Options.max_successive_merges: 0
2022/05/25-08:41:25.084521 11eac8600                Options.optimize_filters_for_hits: 0
2022/05/25-08:41:25.084522 11eac8600                Options.paranoid_file_checks: 0
2022/05/25-08:41:25.084523 11eac8600                Options.force_consistency_checks: 0
2022/05/25-08:41:25.084523 11eac8600                Options.report_bg_io_stats: 0
2022/05/25-08:41:25.084524 11eac8600                               Options.ttl: 2592000
2022/05/25-08:41:25.084525 11eac8600          Options.periodic_compaction_seconds: 2592000
2022/05/25-08:41:25.084584 11eac8600 [db/db_impl/db_impl.cc:2563] Created column family [RB] (ID 1)
2022/05/25-08:41:25.085714 11eac8600 [db/column_family.cc:580] --------------- Options for column family [FZ]:
2022/05/25-08:41:25.085717 11eac8600               Options.comparator: leveldb.BytewiseComparator
2022/05/25-08:41:25.085719 11eac8600           Options.merge_operator: None
2022/05/25-08:41:25.085720 11eac8600        Options.compaction_filter: filter_outdated
2022/05/25-08:41:25.085721 11eac8600        Options.compaction_filter_factory: None
2022/05/25-08:41:25.085721 11eac8600  Options.sst_partitioner_factory: None
2022/05/25-08:41:25.085722 11eac8600         Options.memtable_factory: SkipListFactory
2022/05/25-08:41:25.085723 11eac8600            Options.table_factory: BlockBasedTable
2022/05/25-08:41:25.085739 11eac8600            table_factory options:   flush_block_policy_factory: FlushBlockBySizePolicyFactory (0x600000e1c6b0)
  cache_index_and_filter_blocks: 0
  cache_index_and_filter_blocks_with_high_priority: 1
  pin_l0_filter_and_index_blocks_in_cache: 0
  pin_top_level_index_and_filter: 1
  index_type: 0
  data_block_index_type: 0
  index_shortening: 1
  data_block_hash_table_util_ratio: 0.750000
  hash_index_allow_collision: 1
  checksum: 1
  no_block_cache: 0
  block_cache: 0x600003d18c98
  block_cache_name: LRUCache
  block_cache_options:
    capacity : 8388608
    num_shard_bits : 4
    strict_capacity_limit : 0
    memory_allocator : None
    high_pri_pool_ratio: 0.000
  block_cache_compressed: 0x0
  persistent_cache: 0x0
  block_size: 4096
  block_size_deviation: 10
  block_restart_interval: 16
  index_block_restart_interval: 1
  metadata_block_size: 4096
  partition_filters: 0
  use_delta_encoding: 1
  filter_policy: nullptr
  whole_key_filtering: 1
  verify_compression: 0
  read_amp_bytes_per_bit: 0
  format_version: 4
  enable_index_compression: 1
  block_align: 0
2022/05/25-08:41:25.085741 11eac8600        Options.write_buffer_size: 67108864
2022/05/25-08:41:25.085742 11eac8600  Options.max_write_buffer_number: 2
2022/05/25-08:41:25.085743 11eac8600          Options.compression: NoCompression
2022/05/25-08:41:25.085744 11eac8600                  Options.bottommost_compression: Disabled
2022/05/25-08:41:25.085745 11eac8600       Options.prefix_extractor: nullptr
2022/05/25-08:41:25.085746 11eac8600   Options.memtable_insert_with_hint_prefix_extractor: nullptr
2022/05/25-08:41:25.085747 11eac8600             Options.num_levels: 7
2022/05/25-08:41:25.085747 11eac8600        Options.min_write_buffer_number_to_merge: 1
2022/05/25-08:41:25.085748 11eac8600     Options.max_write_buffer_number_to_maintain: 0
2022/05/25-08:41:25.085749 11eac8600     Options.max_write_buffer_size_to_maintain: 0
2022/05/25-08:41:25.085750 11eac8600            Options.bottommost_compression_opts.window_bits: -14
2022/05/25-08:41:25.085751 11eac8600                  Options.bottommost_compression_opts.level: 32767
2022/05/25-08:41:25.085752 11eac8600               Options.bottommost_compression_opts.strategy: 0
2022/05/25-08:41:25.085753 11eac8600         Options.bottommost_compression_opts.max_dict_bytes: 0
2022/05/25-08:41:25.085753 11eac8600         Options.bottommost_compression_opts.zstd_max_train_bytes: 0
2022/05/25-08:41:25.085754 11eac8600         Options.bottommost_compression_opts.parallel_threads: 1
2022/05/25-08:41:25.085755 11eac8600                  Options.bottommost_compression_opts.enabled: false
2022/05/25-08:41:25.085756 11eac8600            Options.compression_opts.window_bits: -14
2022/05/25-08:41:25.085757 11eac8600                  Options.compression_opts.level: 32767
2022/05/25-08:41:25.085758 11eac8600               Options.compression_opts.strategy: 0
2022/05/25-08:41:25.085758 11eac8600         Options.compression_opts.max_dict_bytes: 0
2022/05/25-08:41:25.085759 11eac8600         Options.compression_opts.zstd_max_train_bytes: 0
2022/05/25-08:41:25.085760 11eac8600         Options.compression_opts.parallel_threads: 1
2022/05/25-08:41:25.085761 11eac8600                  Options.compression_opts.enabled: false
2022/05/25-08:41:25.085762 11eac8600      Options.level0_file_num_compaction_trigger: 4
2022/05/25-08:41:25.085782 11eac8600          Options.level0_slowdown_writes_trigger: 20
2022/05/25-08:41:25.085783 11eac8600              Options.level0_stop_writes_trigger: 36
2022/05/25-08:41:25.085784 11eac8600                   Options.target_file_size_base: 67108864
2022/05/25-08:41:25.085785 11eac8600             Options.target_file_size_multiplier: 1
2022/05/25-08:41:25.085785 11eac8600                Options.max_bytes_for_level_base: 268435456
2022/05/25-08:41:25.085786 11eac8600 Options.level_compaction_dynamic_level_bytes: 0
2022/05/25-08:41:25.085787 11eac8600          Options.max_bytes_for_level_multiplier: 10.000000
2022/05/25-08:41:25.085788 11eac8600 Options.max_bytes_for_level_multiplier_addtl[0]: 1
2022/05/25-08:41:25.085789 11eac8600 Options.max_bytes_for_level_multiplier_addtl[1]: 1
2022/05/25-08:41:25.085790 11eac8600 Options.max_bytes_for_level_multiplier_addtl[2]: 1
2022/05/25-08:41:25.085791 11eac8600 Options.max_bytes_for_level_multiplier_addtl[3]: 1
2022/05/25-08:41:25.085791 11eac8600 Options.max_bytes_for_level_multiplier_addtl[4]: 1
2022/05/25-08:41:25.085792 11eac8600 Options.max_bytes_for_level_multiplier_addtl[5]: 1
2022/05/25-08:41:25.085793 11eac8600 Options.max_bytes_for_level_multiplier_addtl[6]: 1
2022/05/25-08:41:25.085794 11eac8600       Options.max_sequential_skip_in_iterations: 8
2022/05/25-08:41:25.085795 11eac8600                    Options.max_compaction_bytes: 1677721600
2022/05/25-08:41:25.085795 11eac8600                        Options.arena_block_size: 8388608
2022/05/25-08:41:25.085796 11eac8600   Options.soft_pending_compaction_bytes_limit: 68719476736
2022/05/25-08:41:25.085797 11eac8600   Options.hard_pending_compaction_bytes_limit: 274877906944
2022/05/25-08:41:25.085798 11eac8600       Options.rate_limit_delay_max_milliseconds: 100
2022/05/25-08:41:25.085799 11eac8600                Options.disable_auto_compactions: 1
2022/05/25-08:41:25.085800 11eac8600                        Options.compaction_style: kCompactionStyleLevel
2022/05/25-08:41:25.085800 11eac8600                          Options.compaction_pri: kMinOverlappingRatio
2022/05/25-08:41:25.085801 11eac8600 Options.compaction_options_universal.size_ratio: 1
2022/05/25-08:41:25.085802 11eac8600 Options.compaction_options_universal.min_merge_width: 2
2022/05/25-08:41:25.085803 11eac8600 Options.compaction_options_universal.max_merge_width: 4294967295
2022/05/25-08:41:25.085804 11eac8600 Options.compaction_options_universal.max_size_amplification_percent: 200
2022/05/25-08:41:25.085804 11eac8600 Options.compaction_options_universal.compression_size_percent: -1
2022/05/25-08:41:25.085806 11eac8600 Options.compaction_options_universal.stop_style: kCompactionStopStyleTotalSize
2022/05/25-08:41:25.085806 11eac8600 Options.compaction_options_fifo.max_table_files_size: 1073741824
2022/05/25-08:41:25.085807 11eac8600 Options.compaction_options_fifo.allow_compaction: 0
2022/05/25-08:41:25.085808 11eac8600                   Options.table_properties_collectors: 
2022/05/25-08:41:25.085809 11eac8600                   Options.inplace_update_support: 0
2022/05/25-08:41:25.085810 11eac8600                 Options.inplace_update_num_locks: 10000
2022/05/25-08:41:25.085811 11eac8600               Options.memtable_prefix_bloom_size_ratio: 0.000000
2022/05/25-08:41:25.085812 11eac8600               Options.memtable_whole_key_filtering: 0
2022/05/25-08:41:25.085812 11eac8600   Options.memtable_huge_page_size: 0
2022/05/25-08:41:25.085813 11eac8600                           Options.bloom_locality: 0
2022/05/25-08:41:25.085814 11eac8600                    Options.max_successive_merges: 0
2022/05/25-08:41:25.085815 11eac8600                Options.optimize_filters_for_hits: 0
2022/05/25-08:41:25.085815 11eac8600                Options.paranoid_file_checks: 0
2022/05/25-08:41:25.085816 11eac8600                Options.force_consistency_checks: 0
2022/05/25-08:41:25.085817 11eac8600                Options.report_bg_io_stats: 0
2022/05/25-08:41:25.085818 11eac8600                               Options.ttl: 2592000
2022/05/25-08:41:25.085819 11eac8600          Options.periodic_compaction_seconds: 2592000
2022/05/25-08:41:25.085861 11eac8600 [db/db_impl/db_impl.cc:2563] Created column family [FZ] (ID 2)
2022/05/25-08:41:25.086916 11eac8600 [db/column_family.cc:580] --------------- Options for column family [NZ]:
2022/05/25-08:41:25.086919 11eac8600               Options.comparator: leveldb.BytewiseComparator
2022/05/25-08:41:25.086920 11eac8600           Options.merge_operator: None
2022/05/25-08:41:25.086921 11eac8600        Options.compaction_filter: filter_outdated
2022/05/25-08:41:25.086922 11eac8600        Options.compaction_filter_factory: None
2022/05/25-08:41:25.086923 11eac8600  Options.sst_partitioner_factory: None
2022/05/25-08:41:25.086924 11eac8600         Options.memtable_factory: SkipListFactory
2022/05/25-08:41:25.086925 11eac8600            Options.table_factory: BlockBasedTable
2022/05/25-08:41:25.086938 11eac8600            table_factory options:   flush_block_policy_factory: FlushBlockBySizePolicyFactory (0x600000e1c700)
  cache_index_and_filter_blocks: 0
  cache_index_and_filter_blocks_with_high_priority: 1
  pin_l0_filter_and_index_blocks_in_cache: 0
  pin_top_level_index_and_filter: 1
  index_type: 0
  data_block_index_type: 0
  index_shortening: 1
  data_block_hash_table_util_ratio: 0.750000
  hash_index_allow_collision: 1
  checksum: 1
  no_block_cache: 0
  block_cache: 0x600003d18d38
  block_cache_name: LRUCache
  block_cache_options:
    capacity : 8388608
    num_shard_bits : 4
    strict_capacity_limit : 0
    memory_allocator : None
    high_pri_pool_ratio: 0.000
  block_cache_compressed: 0x0
  persistent_cache: 0x0
  block_size: 4096
  block_size_deviation: 10
  block_restart_interval: 16
  index_block_restart_interval: 1
  metadata_block_size: 4096
  partition_filters: 0
  use_delta_encoding: 1
  filter_policy: nullptr
  whole_key_filtering: 1
  verify_compression: 0
  read_amp_bytes_per_bit: 0
  format_version: 4
  enable_index_compression: 1
  block_align: 0
2022/05/25-08:41:25.086940 11eac8600        Options.write_buffer_size: 67108864
2022/05/25-08:41:25.086941 11eac8600  Options.max_write_buffer_number: 2
2022/05/25-08:41:25.086942 11eac8600          Options.compression: NoCompression
2022/05/25-08:41:25.086943 11eac8600                  Options.bottommost_compression: Disabled
2022/05/25-08:41:25.086944 11eac8600       Options.prefix_extractor: nullptr
2022/05/25-08:41:25.086945 11eac8600   Options.memtable_insert_with_hint_prefix_extractor: nullptr
2022/05/25-08:41:25.086946 11eac8600             Options.num_levels: 7
2022/05/25-08:41:25.086946 11eac8600        Options.min_write_buffer_number_to_merge: 1
2022/05/25-08:41:25.086947 11eac8600     Options.max_write_buffer_number_to_maintain: 0
2022/05/25-08:41:25.086948 11eac8600     Options.max_write_buffer_size_to_maintain: 0
2022/05/25-08:41:25.086949 11eac8600            Options.bottommost_compression_opts.window_bits: -14
2022/05/25-08:41:25.086950 11eac8600                  Options.bottommost_compression_opts.level: 32767
2022/05/25-08:41:25.086951 11eac8600               Options.bottommost_compression_opts.strategy: 0
2022/05/25-08:41:25.086951 11eac8600         Options.bottommost_compression_opts.max_dict_bytes: 0
2022/05/25-08:41:25.086952 11eac8600         Options.bottommost_compression_opts.zstd_max_train_bytes: 0
2022/05/25-08:41:25.086953 11eac8600         Options.bottommost_compression_opts.parallel_threads: 1
2022/05/25-08:41:25.086954 11eac8600                  Options.bottommost_compression_opts.enabled: false
2022/05/25-08:41:25.086955 11eac8600            Options.compression_opts.window_bits: -14
2022/05/25-08:41:25.086956 11eac8600                  Options.compression_opts.level: 32767
2022/05/25-08:41:25.086956 11eac8600               Options.compression_opts.strategy: 0
2022/05/25-08:41:25.086957 11eac8600         Options.compression_opts.max_dict_bytes: 0
2022/05/25-08:41:25.086958 11eac8600         Options.compression_opts.zstd_max_train_bytes: 0
2022/05/25-08:41:25.086959 11eac8600         Options.compression_opts.parallel_threads: 1
2022/05/25-08:41:25.086959 11eac8600                  Options.compression_opts.enabled: false
2022/05/25-08:41:25.086960 11eac8600      Options.level0_file_num_compaction_trigger: 4
2022/05/25-08:41:25.086976 11eac8600          Options.level0_slowdown_writes_trigger: 20
2022/05/25-08:41:25.086977 11eac8600              Options.level0_stop_writes_trigger: 36
2022/05/25-08:41:25.086977 11eac8600                   Options.target_file_size_base: 67108864
2022/05/25-08:41:25.086978 11eac8600             Options.target_file_size_multiplier: 1
2022/05/25-08:41:25.086979 11eac8600                Options.max_bytes_for_level_base: 268435456
2022/05/25-08:41:25.086980 11eac8600 Options.level_compaction_dynamic_level_bytes: 0
2022/05/25-08:41:25.086981 11eac8600          Options.max_bytes_for_level_multiplier: 10.000000
2022/05/25-08:41:25.086982 11eac8600 Options.max_bytes_for_level_multiplier_addtl[0]: 1
2022/05/25-08:41:25.086983 11eac8600 Options.max_bytes_for_level_multiplier_addtl[1]: 1
2022/05/25-08:41:25.086983 11eac8600 Options.max_bytes_for_level_multiplier_addtl[2]: 1
2022/05/25-08:41:25.086984 11eac8600 Options.max_bytes_for_level_multiplier_addtl[3]: 1
2022/05/25-08:41:25.086985 11eac8600 Options.max_bytes_for_level_multiplier_addtl[4]: 1
2022/05/25-08:41:25.086986 11eac8600 Options.max_bytes_for_level_multiplier_addtl[5]: 1
2022/05/25-08:41:25.086987 11eac8600 Options.max_bytes_for_level_multiplier_addtl[6]: 1
2022/05/25-08:41:25.086987 11eac8600       Options.max_sequential_skip_in_iterations: 8
2022/05/25-08:41:25.086988 11eac8600                    Options.max_compaction_bytes: 1677721600
2022/05/25-08:41:25.086989 11eac8600                        Options.arena_block_size: 8388608
